Quick Sort Intermediate Results:

Input: [34, 57, 83, 48, 32, 91, 39, 71, 64, 81]

Updated array: [32, 34, 83, 48, 57, 91, 39, 71, 64, 81]
Updated array: [32, 34, 83, 48, 57, 91, 39, 71, 64, 81]
Updated array: [32, 34, 81, 48, 57, 39, 71, 64, 83, 91]
Updated array: [32, 34, 64, 48, 57, 39, 71, 81, 83, 91]
Updated array: [32, 34, 39, 48, 57, 64, 71, 81, 83, 91]
Updated array: [32, 34, 39, 48, 57, 64, 71, 81, 83, 91]
Updated array: [32, 34, 39, 48, 57, 64, 71, 81, 83, 91]
Updated array: [32, 34, 39, 48, 57, 64, 71, 81, 83, 91]
Updated array: [32, 34, 39, 48, 57, 64, 71, 81, 83, 91]
Updated array: [32, 34, 39, 48, 57, 64, 71, 81, 83, 91]

Final Result: [32, 34, 39, 48, 57, 64, 71, 81, 83, 91]